650.752157 126.493845 57.895896 57.895896 -0.000000 4.558689 4.908918
660.340919 185.538287 115.364317 115.364317 -0.000000 4.752007 5.233098
696.846313 -23.166932 113.421580 113.421580 -0.000000 1.604182 2.119933
1894.437862 208.576563 103.451889 103.451889 -0.000000 4.669569 5.291094
258.336988 131.356621 39.738144 8.808108 0.227738 1.708561 7.885633
698.337619 140.342526 39.866883 8.863046 0.229755 1.708427 7.885650
1549.316223 140.328183 39.892516 8.854045 0.230192 4.778498 10.868818
570.253061 165.333908 39.905518 9.057800 0.232582 4.784544 10.971091
1917.792881 217.578168 40.020678 9.510578 0.245659 5.035492 9.791036
1097.706286 247.424957 39.434107 9.971332 0.271686 0.371332 6.265695
1157.917994 260.411116 39.574118 10.115357 0.269899 3.550863 9.440639
1220.035411 373.138584 94.239542 94.239542 -0.000000 4.562821 5.422065
388.410417 310.400968 40.021945 10.760808 0.284698 1.691800 7.886545
507.342657 318.354050 40.137811 10.838704 0.285968 1.676573 7.881071
1588.386610 364.375920 39.854260 11.559241 0.306830 1.680196 7.882351
1735.363400 364.374089 39.854262 11.559241 0.306830 4.759953 10.970298
485.388206 370.383982 39.971501 11.601575 0.309358 1.601557 7.805526
1064.379205 376.377359 39.968229 11.706538 0.310007 1.671696 7.808442
29.694376 357.319102 39.530040 11.429724 0.312426 3.644105 9.505423
1588.428393 468.397598 39.790360 13.283278 0.359484 1.668305 7.883310
1505.337126 485.374402 39.990673 13.695123 0.371756 4.755478 10.976173
376.339939 510.365804 39.809025 14.277371 0.387121 1.656293 7.880881
1507.367684 580.363304 39.741445 15.990917 0.442665 4.746809 10.971646
1516.319457 618.870589 26.744573 26.744573 0.000000 0.985062 2.176313
365.361317 625.366444 39.817881 17.246183 0.488616 4.743738 10.977835
1461.372739 701.367268 39.646114 19.710694 0.587870 -1.545060 -1.586092
900.375549 704.377434 39.619039 19.796486 0.591860 1.675421 7.872190
1172.383175 754.378766 39.753754 21.610050 0.687885 1.622707 1.585189
755.353420 710.389276 39.656514 19.983744 0.608221 1.674507 7.871127
945.345786 767.358561 39.743014 22.073878 0.708854 -1.546888 -1.582574
522.383716 809.377582 39.779881 23.730415 0.816449 3.186901 9.404296
446.374190 828.389295 39.815733 24.359989 0.871237 4.384065 10.589052
1097.373112 828.389114 39.820889 24.361387 0.871167 -0.013133 -0.046853
118.365777 849.367775 39.937619 25.149049 0.933289 3.186606 9.403961
1988.767191 922.273202 39.432745 25.845634 1.244050 1.355943 4.521866
1981.768033 909.921481 26.489815 26.489815 -0.000000 4.720697 5.365169
1556.355686 937.378477 40.094636 27.603909 1.282093 -0.012767 -0.046467
1396.370935 987.376412 39.994651 28.306881 1.521147 -0.012703 -0.046421
1020.362286 982.277124 40.018470 28.264052 1.487691 3.188233 8.241663
870.368734 1025.388882 40.053957 28.166131 -1.436246 -2.988101 -3.022698
977.319047 1017.467841 39.969458 28.232998 -1.481737 6.266875 11.338945
220.387903 1121.367978 39.880910 26.075232 -1.024570 -3.095077 -3.128158
368.368744 1139.387513 39.858557 25.399668 -0.963131 5.085408 11.228474
1819.370370 1136.395284 39.720366 25.500048 -0.973135 0.021119 -0.013806
97.382158 1164.387394 39.811244 24.506115 -0.880566 -1.183521 -1.219117
761.387319 1122.370364 39.899591 25.999143 -1.020298 -0.012506 -0.046243
220.388284 1261.373419 39.838564 20.849435 -0.647828 4.695778 10.901725
1249.368934 1262.382449 39.861366 20.789868 -0.647305 4.736304 10.943733
1134.387501 1238.360155 39.840077 21.706715 -0.697524 4.733983 10.944905
1660.390285 1296.367099 39.628517 19.659428 -0.587229 1.586639 1.545003
1024.374694 1297.378135 39.613339 19.624315 -0.588495 1.628927 7.827516
1798.371148 1324.377839 39.802631 18.621551 -0.549124 -1.586671 -1.631992
1055.374761 1377.387508 39.871428 16.993323 -0.475306 1.589902 7.822113
1845.374761 1377.387508 39.871428 16.993323 -0.475306 1.589902 7.822113
636.382605 1406.362994 39.722691 16.167502 -0.448841 1.591323 7.820866
1598.384825 1479.378377 39.845628 14.403560 -0.392002 4.690249 10.916056
815.378542 1483.338338 39.924706 14.275664 -0.388764 2.083476 2.037044
1305.982688 1473.445206 39.631259 14.507120 -0.398204 6.084536 11.740729
1825.375378 1541.360614 39.683900 13.139394 -0.352217 1.594794 7.811340
339.352403 1547.390663 39.650417 13.034577 -0.347948 4.751879 10.907928
801.677011 1545.663657 38.150500 38.150500 -0.000000 3.565861 4.622209
784.160057 1453.949946 80.586847 80.586847 -0.000000 0.707693 1.645733
233.391120 1556.364926 39.748536 12.821863 -0.341438 4.686939 10.905282
500.387872 1606.273567 40.096963 11.777069 -0.312337 2.723404 6.848119
978.359588 1625.357609 39.958710 11.626400 -0.311001 1.677927 7.882417
550.781845 1682.593667 63.783821 63.783821 -0.000000 4.132212 4.892546
1587.345754 1675.397543 40.127274 10.893042 -0.286740 4.686587 10.895462
1650.386087 1694.371767 39.743831 10.652967 -0.279157 4.671215 10.805048
1202.429922 1668.349366 40.060969 10.939640 -0.288015 1.683350 7.887953
270.415996 1708.352543 39.842149 10.465075 -0.272320 1.603676 7.803884
513.341592 1700.396575 39.817452 10.493287 -0.273577 4.686896 10.887771
995.411138 1761.356243 39.870703 9.785673 -0.255528 4.764196 10.959386
1922.428738 1786.362004 39.943862 9.591085 -0.247570 1.620390 7.800333
262.413605 1806.351860 39.791537 9.369428 -0.243857 1.702781 7.892805
798.497412 1830.331794 39.901143 9.077287 -0.232845 4.664282 10.851644
106.312183 1847.391655 39.937564 8.926622 -0.230243 4.670179 10.869966
883.307543 1843.412550 39.896604 8.962913 -0.230536 4.685448 10.870654
312.255346 1804.982631 120.016812 120.016812 0.000000 1.016685 1.675147
698.299608 1998.228640 34.460793 34.460793 0.000000 4.643294 5.060636
1550.571362 1989.654498 39.533584 7.319442 -0.183002 2.982590 8.238985
656.612768 1873.191950 111.529466 111.529466 0.000000 1.051118 1.620954
795.023097 378.031598 76.236715 76.236715 0.000000 1.506225 2.414352
508.379967 496.378878 39.878364 13.898452 0.377031 1.658907 7.878301
526.308018 1635.736513 39.757950 11.172714 -0.303002 5.810573 9.301141
360.016786 2020.367450 118.615956 118.615956 0.000000 4.144621 4.821638
1932.048013 18.185398 109.102078 109.102078 -0.000000 1.425235 2.175352
1957.368653 189.376750 39.934496 9.358134 0.243043 1.698926 7.888670
591.371684 905.359214 39.905220 26.952907 1.137422 0.021624 -0.012123
166.372022 1098.391787 39.878023 26.675224 -1.114741 -0.013223 -0.046941
245.339977 1519.393878 39.852595 13.483382 -0.365003 1.592578 7.811714
600.391455 1584.381045 39.982364 12.333589 -0.327163 1.599532 7.809328
1420.369698 793.365544 39.861351 23.066081 0.774879 -1.550042 -1.582971
459.368174 1057.379214 40.103269 27.574056 -1.296415 -3.094664 -3.128681
1014.376719 1151.364957 39.961201 25.026057 -0.920361 0.022183 -0.011917
1876.372026 1298.383276 39.659374 19.577128 -0.586142 -1.588193 -1.629405
775.256645 1528.454093 6.700870 6.700870 -0.000000 1.408709 3.823282
1871.666111 283.134686 99.919700 99.919700 -0.000000 4.675794 5.313570
611.379483 1105.373178 39.998368 26.512261 -1.092924 0.021159 -0.012598
323.334541 689.406988 39.855722 19.157264 0.572686 0.492307 6.705885
1242.096279 293.601686 39.578581 10.179907 0.273752 0.192763 3.539707
761.133541 497.920725 74.713036 74.713036 0.000000 4.736649 5.535069
160.362365 439.373997 39.742903 12.807447 0.341826 4.756720 10.973447
150.366785 1195.371391 39.853656 23.344888 -0.789324 4.698989 10.915167
704.380914 1529.373659 39.826015 13.253245 -0.359825 4.750181 10.911436
1494.231749 621.261341 39.743876 17.012493 0.477509 1.272175 6.789798
1291.373178 1108.380412 39.991578 26.442445 -1.079347 -0.012839 -0.046560
453.602692 1582.328951 65.657988 65.657988 0.000000 0.983428 1.753860
869.420987 1544.363739 39.754503 13.083122 -0.350923 4.915662 11.105065
752.261826 463.963101 43.673346 43.673346 -0.000000 4.472552 4.951953
275.089033 905.511561 39.898808 26.580197 1.130388 0.947653 4.456173
1386.184432 1511.595075 85.653709 85.653709 0.000000 4.014414 4.582458
1384.182256 1431.658894 11.029591 5.731752 0.177387 3.659201 6.582745
937.363011 861.377972 39.655025 25.528459 0.975879 -0.014742 -0.048082
288.575395 899.310391 39.848799 26.563255 1.120104 4.087695 7.608948
1339.733262 1398.215397 67.673943 67.673943 -0.000000 0.604371 1.552646
1861.388103 209.820251 29.181408 29.181408 0.000000 4.263865 4.930584
832.367430 1531.572575 34.566907 34.566907 0.000000 4.285335 5.092992
644.228046 1965.946643 21.168650 21.168650 0.000000 1.276648 2.141371
478.336249 1675.618312 52.691149 52.691149 0.000000 3.850853 4.482100
640.590468 1986.853277 8.862595 8.862595 0.000000 3.610070 4.478092
