310.395484 99.362692 41.928236 8.858187 0.220856 4.776866 10.960783
416.368568 99.371805 41.964950 8.859748 0.219711 4.779663 10.963175
522.381379 99.378175 41.964955 8.859748 0.219711 1.729665 7.889871
627.381379 99.378175 41.964955 8.859748 0.219711 1.729665 7.889871
945.395484 99.362692 41.928236 8.858187 0.220856 4.776866 10.960783
1051.368568 99.371805 41.964950 8.859748 0.219711 4.779663 10.963175
1157.381379 99.378175 41.964955 8.859748 0.219711 1.729665 7.889871
1580.395484 99.362692 41.928236 8.858187 0.220856 4.776866 10.960783
1686.368568 99.371805 41.964950 8.859748 0.219711 4.779663 10.963175
1792.381379 99.378175 41.964955 8.859748 0.219711 1.729665 7.889871
98.358104 99.376154 41.895728 8.859961 0.220118 1.726996 7.887676
733.358104 99.376154 41.895728 8.859961 0.220118 1.726996 7.887676
1263.358104 99.376154 41.895728 8.859961 0.220118 1.726996 7.887676
1898.358104 99.376154 41.895728 8.859961 0.220118 1.726996 7.887676
98.313177 205.353096 41.865493 9.907128 0.249860 4.687042 10.889669
204.381361 205.386309 41.789323 9.918848 0.250202 4.762293 10.884510
339.500392 197.059258 22.912184 22.912184 0.000000 1.010877 1.792766
522.289654 205.346333 41.929365 9.891567 0.250323 4.688933 10.891495
627.289654 205.346333 41.929365 9.891567 0.250323 4.688933 10.891495
733.313177 205.353096 41.865493 9.907128 0.249860 4.687042 10.889669
839.381361 205.386309 41.789323 9.918848 0.250202 4.762293 10.884510
974.500392 197.059258 22.912184 22.912184 0.000000 1.010877 1.792766
1157.289654 205.346333 41.929365 9.891567 0.250323 4.688933 10.891495
1263.313177 205.353096 41.865493 9.907128 0.249860 4.687042 10.889669
1369.381361 205.386309 41.789323 9.918848 0.250202 4.762293 10.884510
1474.381361 205.386309 41.789323 9.918848 0.250202 4.762293 10.884510
1609.500392 197.059258 22.912184 22.912184 0.000000 1.010877 1.792766
1792.289654 205.346333 41.929365 9.891567 0.250323 4.688933 10.891495
1898.313177 205.353096 41.865493 9.907128 0.249860 4.687042 10.889669
98.365409 417.383146 41.595210 13.085140 0.332019 1.663939 7.878976
204.393246 417.386577 41.609584 13.076871 0.332095 4.751803 10.905271
310.418664 417.393760 41.620991 13.074157 0.332067 4.750135 10.968384
416.412749 417.394772 41.621957 13.077620 0.332001 4.750517 10.968770
522.384056 417.387013 41.607989 13.080094 0.332028 1.665229 7.880257
627.384056 417.387013 41.607989 13.080094 0.332028 1.665229 7.880257
733.365409 417.383146 41.595210 13.085140 0.332019 1.663939 7.878976
839.393246 417.386577 41.609584 13.076871 0.332095 4.751803 10.905271
945.418664 417.393760 41.620991 13.074157 0.332067 4.750135 10.968384
1051.412749 417.394772 41.621957 13.077620 0.332001 4.750517 10.968770
1157.384056 417.387013 41.607989 13.080094 0.332028 1.665229 7.880257
1263.365409 417.383146 41.595210 13.085140 0.332019 1.663939 7.878976
1369.393246 417.386577 41.609584 13.076871 0.332095 4.751803 10.905271
1474.393246 417.386577 41.609584 13.076871 0.332095 4.751803 10.905271
1580.418664 417.393760 41.620991 13.074157 0.332067 4.750135 10.968384
1686.412749 417.394772 41.621957 13.077620 0.332001 4.750517 10.968770
1792.384056 417.387013 41.607989 13.080094 0.332028 1.665229 7.880257
1898.365409 417.383146 41.595210 13.085140 0.332019 1.663939 7.878976
98.353983 523.367775 41.910316 15.225726 0.397405 1.647436 7.874055
204.353404 523.366574 41.898677 15.224759 0.397579 4.749604 10.922019
522.361240 523.371980 41.929913 15.221695 0.397240 4.749142 10.972079
627.361240 523.371980 41.929913 15.221695 0.397240 4.749142 10.972079
733.353983 523.367775 41.910316 15.225726 0.397405 1.647436 7.874055
839.353404 523.366574 41.898677 15.224759 0.397579 4.749604 10.922019
1157.361240 523.371980 41.929913 15.221695 0.397240 4.749142 10.972079
1263.353983 523.367775 41.910316 15.225726 0.397405 1.647436 7.874055
1369.353404 523.366574 41.898677 15.224759 0.397579 4.749604 10.922019
1474.353404 523.366574 41.898677 15.224759 0.397579 4.749604 10.922019
1792.361240 523.371980 41.929913 15.221695 0.397240 4.749142 10.972079
1898.353983 523.367775 41.910316 15.225726 0.397405 1.647436 7.874055
310.357575 523.366060 41.901629 15.226473 0.397497 4.749365 10.976107
416.350293 523.367593 41.915209 15.226337 0.397140 4.749781 10.976505
945.357575 523.366060 41.901629 15.226473 0.397497 4.749365 10.976107
1051.350293 523.367593 41.915209 15.226337 0.397140 4.749781 10.976505
1580.357575 523.366060 41.901629 15.226473 0.397497 4.749365 10.976107
1686.350293 523.367593 41.915209 15.226337 0.397140 4.749781 10.976505
416.384964 628.346536 41.702557 18.124795 0.497333 1.641149 7.875785
522.405697 628.349307 41.715759 18.123838 0.497319 4.740219 10.973468
627.405697 628.349307 41.715759 18.123838 0.497319 4.740219 10.973468
1051.384964 628.346536 41.702557 18.124795 0.497333 1.641149 7.875785
1157.405697 628.349307 41.715759 18.123838 0.497319 4.740219 10.973468
1686.384964 628.346536 41.702557 18.124795 0.497333 1.641149 7.875785
1792.405697 628.349307 41.715759 18.123838 0.497319 4.740219 10.973468
98.382171 628.364512 41.700876 18.138673 0.495245 1.634594 7.871644
204.359911 628.360209 41.704864 18.135096 0.495109 4.742346 10.934831
310.342493 628.357083 41.694778 18.138439 0.495301 4.743166 10.980256
733.382171 628.364512 41.700876 18.138673 0.495245 1.634594 7.871644
839.359911 628.360209 41.704864 18.135096 0.495109 4.742346 10.934831
945.342493 628.357083 41.694778 18.138439 0.495301 4.743166 10.980256
1263.382171 628.364512 41.700876 18.138673 0.495245 1.634594 7.871644
1369.359911 628.360209 41.704864 18.135096 0.495109 4.742346 10.934831
1474.359911 628.360209 41.704864 18.135096 0.495109 4.742346 10.934831
1580.342493 628.357083 41.694778 18.138439 0.495301 4.743166 10.980256
1898.382171 628.364512 41.700876 18.138673 0.495245 1.634594 7.871644
98.359575 734.369901 41.561530 21.870807 0.646224 1.621806 1.584298
204.375007 734.375007 41.561530 21.869836 0.646248 1.622394 7.830512
310.390432 734.380106 41.561529 21.870808 0.646224 -1.548537 -1.585055
416.389587 734.381266 41.557491 21.870384 0.646090 -1.548507 -1.585024
522.360415 734.368737 41.557494 21.870385 0.646089 1.621835 1.584329
627.360415 734.368737 41.557494 21.870385 0.646089 1.621835 1.584329
733.359575 734.369901 41.561530 21.870807 0.646224 1.621806 1.584298
839.375007 734.375007 41.561530 21.869836 0.646248 1.622394 7.830512
945.390432 734.380106 41.561529 21.870808 0.646224 -1.548537 -1.585055
1051.389587 734.381266 41.557491 21.870384 0.646090 -1.548507 -1.585024
1157.360415 734.368737 41.557494 21.870385 0.646089 1.621835 1.584329
1263.359575 734.369901 41.561530 21.870807 0.646224 1.621806 1.584298
1369.375007 734.375007 41.561530 21.869836 0.646248 1.622394 7.830512
1474.375007 734.375007 41.561530 21.869836 0.646248 1.622394 7.830512
1580.390432 734.380106 41.561529 21.870808 0.646224 -1.548537 -1.585055
1686.389587 734.381266 41.557491 21.870384 0.646090 -1.548507 -1.585024
1792.360415 734.368737 41.557494 21.870385 0.646089 1.621835 1.584329
1898.359575 734.369901 41.561530 21.870807 0.646224 1.621806 1.584298
98.370473 840.419247 41.785288 25.979728 0.904881 4.427558 10.592772
204.380186 840.386840 41.752789 26.013266 0.906560 -3.129646 3.122055
310.359707 840.380277 41.742587 26.015376 0.906561 -3.129842 3.122444
416.352365 840.409476 41.779934 25.973546 0.905006 4.447004 10.586470
522.365599 840.425588 41.792939 25.971103 0.905462 4.427733 10.592938
627.365599 840.425588 41.792939 25.971103 0.905462 4.427733 10.592938
733.370473 840.419247 41.785288 25.979728 0.904881 4.427558 10.592772
839.380186 840.386840 41.752789 26.013266 0.906560 -3.129646 3.122055
945.359707 840.380277 41.742587 26.015376 0.906561 -3.129842 3.122444
1051.352365 840.409476 41.779934 25.973546 0.905006 4.447004 10.586470
1157.365599 840.425588 41.792939 25.971103 0.905462 4.427733 10.592938
1263.370473 840.419247 41.785288 25.979728 0.904881 4.427558 10.592772
1369.380186 840.386840 41.752789 26.013266 0.906560 -3.129646 3.122055
1474.380186 840.386840 41.752789 26.013266 0.906560 -3.129646 3.122055
1580.359707 840.380277 41.742587 26.015376 0.906561 -3.129842 3.122444
1686.352365 840.409476 41.779934 25.973546 0.905006 4.447004 10.586470
1792.365599 840.425588 41.792939 25.971103 0.905462 4.427733 10.592938
1898.370473 840.419247 41.785288 25.979728 0.904881 4.427558 10.592772
98.376378 946.375086 42.054190 29.195443 1.324374 0.021092 -0.012661
204.381946 946.370347 42.070147 29.187977 1.324907 0.020562 -0.012095
310.378675 946.369513 42.055628 29.189606 1.324578 -3.129430 3.120841
416.379586 946.365516 42.049922 29.197466 1.325336 0.020718 -0.011936
522.374717 946.377580 42.046414 29.197833 1.324772 -3.129559 3.121757
627.374717 946.377580 42.046414 29.197833 1.324772 -3.129559 3.121757
733.376378 946.375086 42.054190 29.195443 1.324374 0.021092 -0.012661
839.381946 946.370347 42.070147 29.187977 1.324907 0.020562 -0.012095
945.378675 946.369513 42.055628 29.189606 1.324578 -3.129430 3.120841
1051.379586 946.365516 42.049922 29.197466 1.325336 0.020718 -0.011936
1157.374717 946.377580 42.046414 29.197833 1.324772 -3.129559 3.121757
1263.376378 946.375086 42.054190 29.195443 1.324374 0.021092 -0.012661
1369.381946 946.370347 42.070147 29.187977 1.324907 0.020562 -0.012095
1474.381946 946.370347 42.070147 29.187977 1.324907 0.020562 -0.012095
1580.378675 946.369513 42.055628 29.189606 1.324578 -3.129430 3.120841
1686.379586 946.365516 42.049922 29.197466 1.325336 0.020718 -0.011936
1792.374717 946.377580 42.046414 29.197833 1.324772 -3.129559 3.121757
1898.376378 946.375086 42.054190 29.195443 1.324374 0.021092 -0.012661
204.374888 1052.383188 42.070393 29.156169 -1.314899 -3.097535 -3.129380
310.377354 1052.381109 42.060062 29.154255 -1.314334 -3.096159 -3.129047
839.374888 1052.383188 42.070393 29.156169 -1.314899 -3.097535 -3.129380
945.377354 1052.381109 42.060062 29.154255 -1.314334 -3.096159 -3.129047
1369.374888 1052.383188 42.070393 29.156169 -1.314899 -3.097535 -3.129380
1474.374888 1052.383188 42.070393 29.156169 -1.314899 -3.097535 -3.129380
1580.377354 1052.381109 42.060062 29.154255 -1.314334 -3.096159 -3.129047
98.349572 1052.422770 42.005941 29.167979 -1.315822 6.135113 11.749929
733.349572 1052.422770 42.005941 29.167979 -1.315822 6.135113 11.749929
1263.349572 1052.422770 42.005941 29.167979 -1.315822 6.135113 11.749929
1898.349572 1052.422770 42.005941 29.167979 -1.315822 6.135113 11.749929
416.377251 1052.384813 42.061167 29.158316 -1.314495 -0.012566 -0.045191
1051.377251 1052.384813 42.061167 29.158316 -1.314495 -0.012566 -0.045191
1686.377251 1052.384813 42.061167 29.158316 -1.314495 -0.012566 -0.045191
98.378714 1158.352978 41.823162 25.920218 -0.896897 1.981157 8.171302
204.381944 1158.371289 41.808030 25.938511 -0.898386 -3.097924 -3.130127
310.365467 1158.370707 41.810093 25.934036 -0.898943 -3.099267 -3.130139
415.770764 1159.982334 40.276982 25.385931 -0.871792 0.217504 2.709905
522.209902 1158.679128 41.555097 25.831582 -0.897103 0.510438 2.684420
627.209902 1158.679128 41.555097 25.831582 -0.897103 0.510438 2.684420
733.378714 1158.352978 41.823162 25.920218 -0.896897 1.981157 8.171302
839.381944 1158.371289 41.808030 25.938511 -0.898386 -3.097924 -3.130127
945.365467 1158.370707 41.810093 25.934036 -0.898943 -3.099267 -3.130139
1050.770764 1159.982334 40.276982 25.385931 -0.871792 0.217504 2.709905
1157.209902 1158.679128 41.555097 25.831582 -0.897103 0.510438 2.684420
1263.378714 1158.352978 41.823162 25.920218 -0.896897 1.981157 8.171302
1369.381944 1158.371289 41.808030 25.938511 -0.898386 -3.097924 -3.130127
1474.381944 1158.371289 41.808030 25.938511 -0.898386 -3.097924 -3.130127
1580.365467 1158.370707 41.810093 25.934036 -0.898943 -3.099267 -3.130139
1685.770764 1159.982334 40.276982 25.385931 -0.871792 0.217504 2.709905
1792.209902 1158.679128 41.555097 25.831582 -0.897103 0.510438 2.684420
1898.378714 1158.352978 41.823162 25.920218 -0.896897 1.981157 8.171302
98.356975 1264.381974 41.550798 21.827849 -0.644751 -1.583832 -1.620313
204.374999 1264.374997 41.549188 21.828479 -0.644852 4.735216 10.945388
310.393018 1264.368027 41.550795 21.827851 -0.644751 1.585553 1.548009
416.390258 1264.368601 41.546848 21.828255 -0.644517 1.585449 1.547905
522.359731 1264.381405 41.546853 21.828256 -0.644517 -1.583933 -1.620414
627.359731 1264.381405 41.546853 21.828256 -0.644517 -1.583933 -1.620414
733.356975 1264.381974 41.550798 21.827849 -0.644751 -1.583832 -1.620313
839.374999 1264.374997 41.549188 21.828479 -0.644852 4.735216 10.945388
945.393018 1264.368027 41.550795 21.827851 -0.644751 1.585553 1.548009
1051.390258 1264.368601 41.546848 21.828255 -0.644517 1.585449 1.547905
1157.359731 1264.381405 41.546853 21.828256 -0.644517 -1.583933 -1.620414
1263.356975 1264.381974 41.550798 21.827849 -0.644751 -1.583832 -1.620313
1369.374999 1264.374997 41.549188 21.828479 -0.644852 4.735216 10.945388
1474.374999 1264.374997 41.549188 21.828479 -0.644852 4.735216 10.945388
1580.393018 1264.368027 41.550795 21.827851 -0.644751 1.585553 1.548009
1686.390258 1264.368601 41.546848 21.828255 -0.644517 1.585449 1.547905
1792.359731 1264.381405 41.546853 21.828256 -0.644517 -1.583933 -1.620414
1898.356975 1264.381974 41.550798 21.827849 -0.644751 -1.583832 -1.620313
98.389731 1370.387982 41.679362 18.100400 -0.493555 -1.588203 -1.632792
204.367247 1370.390695 41.684757 18.094746 -0.493494 1.633983 7.823289
310.346576 1370.390218 41.691331 18.090204 -0.493606 1.586833 7.822288
416.356986 1370.389445 41.680835 18.091731 -0.493795 4.692979 10.929119
522.385367 1370.384043 41.684621 18.090565 -0.493803 1.592669 7.824177
627.385367 1370.384043 41.684621 18.090565 -0.493803 1.592669 7.824177
733.389731 1370.387982 41.679362 18.100400 -0.493555 -1.588203 -1.632792
839.367247 1370.390695 41.684757 18.094746 -0.493494 1.633983 7.823289
945.346576 1370.390218 41.691331 18.090204 -0.493606 1.586833 7.822288
1051.356986 1370.389445 41.680835 18.091731 -0.493795 4.692979 10.929119
1157.385367 1370.384043 41.684621 18.090565 -0.493803 1.592669 7.824177
1263.389731 1370.387982 41.679362 18.100400 -0.493555 -1.588203 -1.632792
1369.367247 1370.390695 41.684757 18.094746 -0.493494 1.633983 7.823289
1474.367247 1370.390695 41.684757 18.094746 -0.493494 1.633983 7.823289
1580.346576 1370.390218 41.691331 18.090204 -0.493606 1.586833 7.822288
1686.356986 1370.389445 41.680835 18.091731 -0.493795 4.692979 10.929119
1792.385367 1370.384043 41.684621 18.090565 -0.493803 1.592669 7.824177
1898.389731 1370.387982 41.679362 18.100400 -0.493555 -1.588203 -1.632792
125.216595 1471.517383 17.983562 17.983562 0.000000 4.225414 5.549838
204.337020 1475.387246 41.850033 15.149822 -0.396589 1.646563 7.814095
310.333117 1475.390740 41.862969 15.151425 -0.396330 1.589711 7.813852
416.346767 1475.386610 41.886938 15.153463 -0.395607 1.590481 7.814682
522.357764 1475.382008 41.902823 15.150281 -0.395747 1.595266 7.815354
627.357764 1475.382008 41.902823 15.150281 -0.395747 1.595266 7.815354
760.216595 1471.517383 17.983562 17.983562 0.000000 4.225414 5.549838
839.337020 1475.387246 41.850033 15.149822 -0.396589 1.646563 7.814095
945.333117 1475.390740 41.862969 15.151425 -0.396330 1.589711 7.813852
1051.346767 1475.386610 41.886938 15.153463 -0.395607 1.590481 7.814682
1157.357764 1475.382008 41.902823 15.150281 -0.395747 1.595266 7.815354
1290.216595 1471.517383 17.983562 17.983562 0.000000 4.225414 5.549838
1369.337020 1475.387246 41.850033 15.149822 -0.396589 1.646563 7.814095
1474.337020 1475.387246 41.850033 15.149822 -0.396589 1.646563 7.814095
1580.333117 1475.390740 41.862969 15.151425 -0.396330 1.589711 7.813852
1686.346767 1475.386610 41.886938 15.153463 -0.395607 1.590481 7.814682
1792.357764 1475.382008 41.902823 15.150281 -0.395747 1.595266 7.815354
1925.216595 1471.517383 17.983562 17.983562 0.000000 4.225414 5.549838
98.119164 1475.436680 41.631309 15.181763 -0.396373 5.919071 11.739305
733.119164 1475.436680 41.631309 15.181763 -0.396373 5.919071 11.739305
1263.119164 1475.436680 41.631309 15.181763 -0.396373 5.919071 11.739305
1898.119164 1475.436680 41.631309 15.181763 -0.396373 5.919071 11.739305
98.365181 1581.366012 41.592535 13.037012 -0.331522 1.663815 7.878931
204.389926 1581.363899 41.600277 13.028708 -0.331653 1.665478 7.812323
310.415631 1581.358280 41.614943 13.026241 -0.331611 1.599175 7.814092
416.408927 1581.357983 41.616050 13.029882 -0.331455 1.598717 7.813635
522.375385 1581.364672 41.607250 13.033263 -0.331450 4.687962 10.906296
627.375385 1581.364672 41.607250 13.033263 -0.331450 4.687962 10.906296
733.365181 1581.366012 41.592535 13.037012 -0.331522 1.663815 7.878931
839.389926 1581.363899 41.600277 13.028708 -0.331653 1.665478 7.812323
945.415631 1581.358280 41.614943 13.026241 -0.331611 1.599175 7.814092
1051.408927 1581.357983 41.616050 13.029882 -0.331455 1.598717 7.813635
1157.375385 1581.364672 41.607250 13.033263 -0.331450 4.687962 10.906296
1263.365181 1581.366012 41.592535 13.037012 -0.331522 1.663815 7.878931
1369.389926 1581.363899 41.600277 13.028708 -0.331653 1.665478 7.812323
1474.389926 1581.363899 41.600277 13.028708 -0.331653 1.665478 7.812323
1580.415631 1581.358280 41.614943 13.026241 -0.331611 1.599175 7.814092
1686.408927 1581.357983 41.616050 13.029882 -0.331455 1.598717 7.813635
1792.375385 1581.364672 41.607250 13.033263 -0.331450 4.687962 10.906296
1898.365181 1581.366012 41.592535 13.037012 -0.331522 1.663815 7.878931
195.059957 1794.410004 34.294489 8.478121 -0.305481 2.496498 5.896570
319.515980 1792.428850 34.399466 8.474218 -0.306350 5.533047 9.065938
315.148195 710.063546 1076.658823 1076.658823 -0.000000 1.449687 1.467750
416.391320 1793.397424 41.971359 9.842370 -0.248953 5.777426 11.642470
830.059957 1794.410004 34.294489 8.478121 -0.305481 2.496498 5.896570
954.515980 1792.428850 34.399466 8.474218 -0.306350 5.533047 9.065938
950.148195 710.063546 1076.658823 1076.658823 -0.000000 1.449687 1.467750
1051.391320 1793.397424 41.971359 9.842370 -0.248953 5.777426 11.642470
1360.059957 1794.410004 34.294489 8.478121 -0.305481 2.496498 5.896570
1465.059957 1794.410004 34.294489 8.478121 -0.305481 2.496498 5.896570
1589.515980 1792.428850 34.399466 8.474218 -0.306350 5.533047 9.065938
1585.148195 710.063546 1076.658823 1076.658823 -0.000000 1.449687 1.467750
1686.391320 1793.397424 41.971359 9.842370 -0.248953 5.777426 11.642470
1822.087457 1800.484912 21.600622 21.600622 -0.000000 4.456993 5.222916
98.362589 1899.373841 41.882490 8.845792 -0.219899 4.680521 10.851225
416.374486 1899.376836 41.976736 8.844299 -0.219468 1.606034 7.781570
522.406258 1899.352057 42.005002 8.840567 -0.218448 4.676617 10.846324
627.406258 1899.352057 42.005002 8.840567 -0.218448 4.676617 10.846324
733.362589 1899.373841 41.882490 8.845792 -0.219899 4.680521 10.851225
1051.374486 1899.376836 41.976736 8.844299 -0.219468 1.606034 7.781570
1157.406258 1899.352057 42.005002 8.840567 -0.218448 4.676617 10.846324
1263.362589 1899.373841 41.882490 8.845792 -0.219899 4.680521 10.851225
1686.374486 1899.376836 41.976736 8.844299 -0.219468 1.606034 7.781570
1792.406258 1899.352057 42.005002 8.840567 -0.218448 4.676617 10.846324
1898.362589 1899.373841 41.882490 8.845792 -0.219899 4.680521 10.851225
310.387450 1899.376141 41.882491 8.845792 -0.219899 1.607250 7.783071
945.387450 1899.376141 41.882491 8.845792 -0.219899 1.607250 7.783071
1580.387450 1899.376141 41.882491 8.845792 -0.219899 1.607250 7.783071
204.374978 99.374995 41.918032 8.861442 0.220125 4.767281 10.875281
839.374978 99.374995 41.918032 8.861442 0.220125 4.767281 10.875281
1369.374978 99.374995 41.918032 8.861442 0.220125 4.767281 10.875281
1474.374978 99.374995 41.918032 8.861442 0.220125 4.767281 10.875281
522.373376 1052.373684 42.053143 29.162157 -1.314532 -3.097836 -3.129682
627.373376 1052.373684 42.053143 29.162157 -1.314532 -3.097836 -3.129682
1157.373376 1052.373684 42.053143 29.162157 -1.314532 -3.097836 -3.129682
1792.373376 1052.373684 42.053143 29.162157 -1.314532 -3.097836 -3.129682
523.968655 1152.280243 36.664275 22.982171 -0.771092 3.304947 5.826046
628.968655 1152.280243 36.664275 22.982171 -0.771092 3.304947 5.826046
1158.968655 1152.280243 36.664275 22.982171 -0.771092 3.304947 5.826046
1793.968655 1152.280243 36.664275 22.982171 -0.771092 3.304947 5.826046
522.233857 1793.469113 42.093003 9.819070 -0.246901 5.894428 11.648181
627.233857 1793.469113 42.093003 9.819070 -0.246901 5.894428 11.648181
1157.233857 1793.469113 42.093003 9.819070 -0.246901 5.894428 11.648181
1792.023277 1793.545300 42.088321 9.792616 -0.245336 6.002035 11.656458
204.375020 1899.374990 41.902359 8.847980 -0.219912 4.767277 10.875277
839.375020 1899.374990 41.902359 8.847980 -0.219912 4.767277 10.875277
1369.375020 1899.374990 41.902359 8.847980 -0.219912 4.767277 10.875277
1474.375020 1899.374990 41.902359 8.847980 -0.219912 4.767277 10.875277
416.173068 205.271482 42.001445 9.864768 0.247746 0.659881 6.585403
1051.173068 205.271482 42.001445 9.864768 0.247746 0.659881 6.585403
1686.173068 205.271482 42.001445 9.864768 0.247746 0.659881 6.585403
417.556958 1153.293182 37.581457 23.462858 -0.791558 3.152632 5.817656
1052.556958 1153.293182 37.581457 23.462858 -0.791558 3.152632 5.817656
1687.556958 1153.293182 37.581457 23.462858 -0.791558 3.152632 5.817656
98.186782 1793.468273 41.978545 9.830072 -0.246799 5.894884 11.873461
733.186782 1793.468273 41.978545 9.830072 -0.246799 5.894884 11.873461
1263.186782 1793.468273 41.978545 9.830072 -0.246799 5.894884 11.873461
1898.186782 1793.468273 41.978545 9.830072 -0.246799 5.894884 11.873461
183.840033 1697.162449 108.693063 108.693063 -0.000000 0.960269 1.605743
818.840033 1697.162449 108.693063 108.693063 -0.000000 0.960269 1.605743
1348.840033 1697.162449 108.693063 108.693063 -0.000000 0.960269 1.605743
1453.840033 1697.162449 108.693063 108.693063 -0.000000 0.960269 1.605743
310.055717 205.233278 41.980652 9.845259 0.246211 0.693817 6.546472
945.055717 205.233278 41.980652 9.845259 0.246211 0.693817 6.546472
1580.055717 205.233278 41.980652 9.845259 0.246211 0.693817 6.546472
522.432314 311.398927 41.873196 11.158722 0.281297 1.693639 7.885756
627.432314 311.398927 41.873196 11.158722 0.281297 1.693639 7.885756
1157.432314 311.398927 41.873196 11.158722 0.281297 1.693639 7.885756
1792.432314 311.398927 41.873196 11.158722 0.281297 1.693639 7.885756
204.484881 311.413489 41.898381 11.149011 0.281537 5.271450 11.040676
839.484881 311.413489 41.898381 11.149011 0.281537 5.271450 11.040676
1369.484881 311.413489 41.898381 11.149011 0.281537 5.271450 11.040676
1474.484881 311.413489 41.898381 11.149011 0.281537 5.271450 11.040676
310.438881 311.391879 41.853308 11.158556 0.281558 4.754264 10.965089
945.438881 311.391879 41.853308 11.158556 0.281558 4.754264 10.965089
1580.438881 311.391879 41.853308 11.158556 0.281558 4.754264 10.965089
522.445585 1687.349908 41.896284 11.146441 -0.281327 4.681348 10.879052
627.445585 1687.349908 41.896284 11.146441 -0.281327 4.681348 10.879052
1157.445585 1687.349908 41.896284 11.146441 -0.281327 4.681348 10.879052
1792.445585 1687.349908 41.896284 11.146441 -0.281327 4.681348 10.879052
310.439075 1687.358590 41.871895 11.142148 -0.281716 1.602972 7.809639
945.439075 1687.358590 41.871895 11.142148 -0.281716 1.602972 7.809639
1580.439075 1687.358590 41.871895 11.142148 -0.281716 1.602972 7.809639
204.441003 1687.355579 41.898131 11.138481 -0.281662 1.684270 7.809801
839.441003 1687.355579 41.898131 11.138481 -0.281662 1.684270 7.809801
1369.441003 1687.355579 41.898131 11.138481 -0.281662 1.684270 7.809801
1474.441003 1687.355579 41.898131 11.138481 -0.281662 1.684270 7.809801
98.404273 311.388709 41.849893 11.170340 0.281598 4.682203 10.891072
733.404273 311.388709 41.849893 11.170340 0.281598 4.682203 10.891072
1263.404273 311.388709 41.849893 11.170340 0.281598 4.682203 10.891072
1898.404273 311.388709 41.849893 11.170340 0.281598 4.682203 10.891072
416.449205 311.398450 41.869175 11.162308 0.281508 4.753475 10.962060
1051.449205 311.398450 41.869175 11.162308 0.281508 4.753475 10.962060
1686.449205 311.398450 41.869175 11.162308 0.281508 4.753475 10.962060
416.436043 1687.353617 41.881325 11.144817 -0.281576 1.605262 7.809417
1051.436043 1687.353617 41.881325 11.144817 -0.281576 1.605262 7.809417
1686.436043 1687.353617 41.881325 11.144817 -0.281576 1.605262 7.809417
98.454436 1687.345604 41.898587 11.145124 -0.281617 4.680722 10.878305
733.454436 1687.345604 41.898587 11.145124 -0.281617 4.680722 10.878305
1263.454436 1687.345604 41.898587 11.145124 -0.281617 4.680722 10.878305
1898.454436 1687.345604 41.898587 11.145124 -0.281617 4.680722 10.878305
280.455898 1806.975072 11.874627 11.874627 -0.000000 3.450508 4.679778
915.455898 1806.975072 11.874627 11.874627 -0.000000 3.450508 4.679778
1550.455898 1806.975072 11.874627 11.874627 -0.000000 3.450508 4.679778
280.771321 1776.698352 30.857277 30.857277 -0.000000 1.284089 1.903239
915.771321 1776.698352 30.857277 30.857277 -0.000000 1.284089 1.903239
1550.771321 1776.698352 30.857277 30.857277 -0.000000 1.284089 1.903239
