98.382206 199.378030 40.016183 17.389408 0.245773 1.644885 7.874503
198.382206 199.378030 40.016183 17.389408 0.245773 1.644885 7.874503
298.382206 199.378030 40.016183 17.389408 0.245773 1.644885 7.874503
398.382206 199.378030 40.016183 17.389408 0.245773 1.644885 7.874503
498.382206 199.378030 40.016183 17.389408 0.245773 1.644885 7.874503
598.382206 199.378030 40.016183 17.389408 0.245773 1.644885 7.874503
698.382206 199.378030 40.016183 17.389408 0.245773 1.644885 7.874503
798.382206 199.378030 40.016183 17.389408 0.245773 1.644885 7.874503
898.382206 199.378030 40.016183 17.389408 0.245773 1.644885 7.874503
998.382206 199.378030 40.016183 17.389408 0.245773 1.644885 7.874503
1098.382206 199.378030 40.016183 17.389408 0.245773 1.644885 7.874503
1198.382206 199.378030 40.016183 17.389408 0.245773 1.644885 7.874503
1298.382206 199.378030 40.016183 17.389408 0.245773 1.644885 7.874503
1398.382206 199.378030 40.016183 17.389408 0.245773 1.644885 7.874503
1498.382206 199.378030 40.016183 17.389408 0.245773 1.644885 7.874503
1598.382206 199.378030 40.016183 17.389408 0.245773 1.644885 7.874503
1698.382206 199.378030 40.016183 17.389408 0.245773 1.644885 7.874503
1798.382206 199.378030 40.016183 17.389408 0.245773 1.644885 7.874503
1898.382206 199.378030 40.016183 17.389408 0.245773 1.644885 7.874503
98.377037 399.371263 40.032364 21.268377 0.315113 1.631575 1.586752
198.377037 399.371263 40.032364 21.268377 0.315113 1.631575 1.586752
298.377037 399.371263 40.032364 21.268377 0.315113 1.631575 1.586752
398.377037 399.371263 40.032364 21.268377 0.315113 1.631575 1.586752
498.377037 399.371263 40.032364 21.268377 0.315113 1.631575 1.586752
598.377037 399.371263 40.032364 21.268377 0.315113 1.631575 1.586752
698.377037 399.371263 40.032364 21.268377 0.315113 1.631575 1.586752
798.377037 399.371263 40.032364 21.268377 0.315113 1.631575 1.586752
898.377037 399.371263 40.032364 21.268377 0.315113 1.631575 1.586752
998.377037 399.371263 40.032364 21.268377 0.315113 1.631575 1.586752
1098.377037 399.371263 40.032364 21.268377 0.315113 1.631575 1.586752
1198.377037 399.371263 40.032364 21.268377 0.315113 1.631575 1.586752
1298.377037 399.371263 40.032364 21.268377 0.315113 1.631575 1.586752
1398.377037 399.371263 40.032364 21.268377 0.315113 1.631575 1.586752
1498.377037 399.371263 40.032364 21.268377 0.315113 1.631575 1.586752
1598.377037 399.371263 40.032364 21.268377 0.315113 1.631575 1.586752
1698.377037 399.371263 40.032364 21.268377 0.315113 1.631575 1.586752
1798.377037 399.371263 40.032364 21.268377 0.315113 1.631575 1.586752
1898.377037 399.371263 40.032364 21.268377 0.315113 1.631575 1.586752
98.395058 599.377066 39.863265 26.655621 0.455145 1.619497 1.584598
198.395058 599.377066 39.863265 26.655621 0.455145 1.619497 1.584598
298.395058 599.377066 39.863265 26.655621 0.455145 1.619497 1.584598
398.395058 599.377066 39.863265 26.655621 0.455145 1.619497 1.584598
498.395058 599.377066 39.863265 26.655621 0.455145 1.619497 1.584598
598.395058 599.377066 39.863265 26.655621 0.455145 1.619497 1.584598
698.395058 599.377066 39.863265 26.655621 0.455145 1.619497 1.584598
798.395058 599.377066 39.863265 26.655621 0.455145 1.619497 1.584598
898.395058 599.377066 39.863265 26.655621 0.455145 1.619497 1.584598
998.395058 599.377066 39.863265 26.655621 0.455145 1.619497 1.584598
1098.395058 599.377066 39.863265 26.655621 0.455145 1.619497 1.584598
1198.395058 599.377066 39.863265 26.655621 0.455145 1.619497 1.584598
1298.395058 599.377066 39.863265 26.655621 0.455145 1.619497 1.584598
1398.395058 599.377066 39.863265 26.655621 0.455145 1.619497 1.584598
1498.395058 599.377066 39.863265 26.655621 0.455145 1.619497 1.584598
1598.395058 599.377066 39.863265 26.655621 0.455145 1.619497 1.584598
1698.395058 599.377066 39.863265 26.655621 0.455145 1.619497 1.584598
1798.395058 599.377066 39.863265 26.655621 0.455145 1.619497 1.584598
1898.395058 599.377066 39.863265 26.655621 0.455145 1.619497 1.584598
98.362400 799.368539 39.962175 32.783242 0.786326 0.017234 6.245849
198.362400 799.368539 39.962175 32.783242 0.786326 0.017234 6.245849
298.362400 799.368539 39.962175 32.783242 0.786326 0.017234 6.245849
398.362400 799.368539 39.962175 32.783242 0.786326 0.017234 6.245849
498.362400 799.368539 39.962175 32.783242 0.786326 0.017234 6.245849
598.362400 799.368539 39.962175 32.783242 0.786326 0.017234 6.245849
698.362400 799.368539 39.962175 32.783242 0.786326 0.017234 6.245849
798.362400 799.368539 39.962175 32.783242 0.786326 0.017234 6.245849
898.362400 799.368539 39.962175 32.783242 0.786326 0.017234 6.245849
998.362400 799.368539 39.962175 32.783242 0.786326 0.017234 6.245849
1098.362400 799.368539 39.962175 32.783242 0.786326 0.017234 6.245849
1198.362400 799.368539 39.962175 32.783242 0.786326 0.017234 6.245849
1298.362400 799.368539 39.962175 32.783242 0.786326 0.017234 6.245849
1398.362400 799.368539 39.962175 32.783242 0.786326 0.017234 6.245849
1498.362400 799.368539 39.962175 32.783242 0.786326 0.017234 6.245849
1598.362400 799.368539 39.962175 32.783242 0.786326 0.017234 6.245849
1698.362400 799.368539 39.962175 32.783242 0.786326 0.017234 6.245849
1798.362400 799.368539 39.962175 32.783242 0.786326 0.017234 6.245849
1898.362400 799.368539 39.962175 32.783242 0.786326 0.017234 6.245849
98.371671 899.379169 39.942328 34.904110 1.135493 0.016948 6.245550
198.371671 899.379169 39.942328 34.904110 1.135493 0.016948 6.245550
298.371671 899.379169 39.942328 34.904110 1.135493 0.016948 6.245550
398.371671 899.379169 39.942328 34.904110 1.135493 0.016948 6.245550
498.371671 899.379169 39.942328 34.904110 1.135493 0.016948 6.245550
598.371671 899.379169 39.942328 34.904110 1.135493 0.016948 6.245550
698.371671 899.379169 39.942328 34.904110 1.135493 0.016948 6.245550
798.371671 899.379169 39.942328 34.904110 1.135493 0.016948 6.245550
898.371671 899.379169 39.942328 34.904110 1.135493 0.016948 6.245550
998.371671 899.379169 39.942328 34.904110 1.135493 0.016948 6.245550
1098.371671 899.379169 39.942328 34.904110 1.135493 0.016948 6.245550
1198.371671 899.379169 39.942328 34.904110 1.135493 0.016948 6.245550
1298.371671 899.379169 39.942328 34.904110 1.135493 0.016948 6.245550
1398.371671 899.379169 39.942328 34.904110 1.135493 0.016948 6.245550
1498.371671 899.379169 39.942328 34.904110 1.135493 0.016948 6.245550
1598.371671 899.379169 39.942328 34.904110 1.135493 0.016948 6.245550
1698.371671 899.379169 39.942328 34.904110 1.135493 0.016948 6.245550
1798.371671 899.379169 39.942328 34.904110 1.135493 0.016948 6.245550
1898.371671 899.379169 39.942328 34.904110 1.135493 0.016948 6.245550
98.358702 999.375001 39.949006 35.736974 -1.570796 0.017056 6.245677
198.358702 999.375001 39.949006 35.736974 -1.570796 0.017056 6.245677
298.358702 999.375001 39.949006 35.736974 -1.570796 0.017056 6.245677
398.358702 999.375001 39.949006 35.736974 -1.570796 0.017056 6.245677
498.358702 999.375001 39.949006 35.736974 -1.570796 0.017056 6.245677
598.358702 999.375001 39.949006 35.736974 -1.570796 0.017056 6.245677
698.358702 999.375001 39.949006 35.736974 -1.570796 0.017056 6.245677
798.358702 999.375001 39.949006 35.736974 -1.570796 0.017056 6.245677
898.358702 999.375001 39.949006 35.736974 -1.570796 0.017056 6.245677
998.358702 999.375001 39.949006 35.736974 -1.570796 0.017056 6.245677
1098.358702 999.375001 39.949006 35.736974 -1.570796 0.017056 6.245677
1198.358702 999.375001 39.949006 35.736974 -1.570796 0.017056 6.245677
1298.358702 999.375001 39.949006 35.736974 -1.570796 0.017056 6.245677
1398.358702 999.375001 39.949006 35.736974 -1.570796 0.017056 6.245677
1498.358702 999.375001 39.949006 35.736974 -1.570796 0.017056 6.245677
1598.358702 999.375001 39.949006 35.736974 -1.570796 0.017056 6.245677
1698.358702 999.375001 39.949006 35.736974 -1.570796 0.017056 6.245677
1798.358702 999.375001 39.949006 35.736974 -1.570796 0.017056 6.245677
1898.358702 999.375001 39.949006 35.736974 -1.570796 0.017056 6.245677
98.361705 1099.369279 39.885476 34.895350 -1.126022 0.017213 6.245830
198.361705 1099.369279 39.885476 34.895350 -1.126022 0.017213 6.245830
298.361705 1099.369279 39.885476 34.895350 -1.126022 0.017213 6.245830
398.361705 1099.369279 39.885476 34.895350 -1.126022 0.017213 6.245830
498.361705 1099.369279 39.885476 34.895350 -1.126022 0.017213 6.245830
598.361705 1099.369279 39.885476 34.895350 -1.126022 0.017213 6.245830
698.361705 1099.369279 39.885476 34.895350 -1.126022 0.017213 6.245830
798.361705 1099.369279 39.885476 34.895350 -1.126022 0.017213 6.245830
898.361705 1099.369279 39.885476 34.895350 -1.126022 0.017213 6.245830
998.361705 1099.369279 39.885476 34.895350 -1.126022 0.017213 6.245830
1098.361705 1099.369279 39.885476 34.895350 -1.126022 0.017213 6.245830
1198.361705 1099.369279 39.885476 34.895350 -1.126022 0.017213 6.245830
1298.361705 1099.369279 39.885476 34.895350 -1.126022 0.017213 6.245830
1398.361705 1099.369279 39.885476 34.895350 -1.126022 0.017213 6.245830
1498.361705 1099.369279 39.885476 34.895350 -1.126022 0.017213 6.245830
1598.361705 1099.369279 39.885476 34.895350 -1.126022 0.017213 6.245830
1698.361705 1099.369279 39.885476 34.895350 -1.126022 0.017213 6.245830
1798.361705 1099.369279 39.885476 34.895350 -1.126022 0.017213 6.245830
1898.361705 1099.369279 39.885476 34.895350 -1.126022 0.017213 6.245830
98.359818 1199.381973 39.947987 32.777898 -0.784216 0.016866 6.245486
198.359818 1199.381973 39.947987 32.777898 -0.784216 0.016866 6.245486
298.359818 1199.381973 39.947987 32.777898 -0.784216 0.016866 6.245486
398.359818 1199.381973 39.947987 32.777898 -0.784216 0.016866 6.245486
498.359818 1199.381973 39.947987 32.777898 -0.784216 0.016866 6.245486
598.359818 1199.381973 39.947987 32.777898 -0.784216 0.016866 6.245486
698.359818 1199.381973 39.947987 32.777898 -0.784216 0.016866 6.245486
798.359818 1199.381973 39.947987 32.777898 -0.784216 0.016866 6.245486
898.359818 1199.381973 39.947987 32.777898 -0.784216 0.016866 6.245486
998.359818 1199.381973 39.947987 32.777898 -0.784216 0.016866 6.245486
1098.359818 1199.381973 39.947987 32.777898 -0.784216 0.016866 6.245486
1198.359818 1199.381973 39.947987 32.777898 -0.784216 0.016866 6.245486
1298.359818 1199.381973 39.947987 32.777898 -0.784216 0.016866 6.245486
1398.359818 1199.381973 39.947987 32.777898 -0.784216 0.016866 6.245486
1498.359818 1199.381973 39.947987 32.777898 -0.784216 0.016866 6.245486
1598.359818 1199.381973 39.947987 32.777898 -0.784216 0.016866 6.245486
1698.359818 1199.381973 39.947987 32.777898 -0.784216 0.016866 6.245486
1798.359818 1199.381973 39.947987 32.777898 -0.784216 0.016866 6.245486
1898.359818 1199.381973 39.947987 32.777898 -0.784216 0.016866 6.245486
98.399277 1399.364872 39.863420 26.644012 -0.456350 5.247677 11.121842
198.399277 1399.364872 39.863420 26.644012 -0.456350 5.247677 11.121842
298.399277 1399.364872 39.863420 26.644012 -0.456350 5.247677 11.121842
398.399277 1399.364872 39.863420 26.644012 -0.456350 5.247677 11.121842
498.399277 1399.364872 39.863420 26.644012 -0.456350 5.247677 11.121842
598.399277 1399.364872 39.863420 26.644012 -0.456350 5.247677 11.121842
698.399277 1399.364872 39.863420 26.644012 -0.456350 5.247677 11.121842
798.399277 1399.364872 39.863420 26.644012 -0.456350 5.247677 11.121842
898.399277 1399.364872 39.863420 26.644012 -0.456350 5.247677 11.121842
998.399277 1399.364872 39.863420 26.644012 -0.456350 5.247677 11.121842
1098.399277 1399.364872 39.863420 26.644012 -0.456350 5.247677 11.121842
1198.399277 1399.364872 39.863420 26.644012 -0.456350 5.247677 11.121842
1298.399277 1399.364872 39.863420 26.644012 -0.456350 5.247677 11.121842
1398.399277 1399.364872 39.863420 26.644012 -0.456350 5.247677 11.121842
1498.399277 1399.364872 39.863420 26.644012 -0.456350 5.247677 11.121842
1598.399277 1399.364872 39.863420 26.644012 -0.456350 5.247677 11.121842
1698.399277 1399.364872 39.863420 26.644012 -0.456350 5.247677 11.121842
1798.399277 1399.364872 39.863420 26.644012 -0.456350 5.247677 11.121842
1898.399277 1399.364872 39.863420 26.644012 -0.456350 5.247677 11.121842
98.377037 1599.378733 40.032364 21.268377 -0.315113 -1.586261 -1.629630
198.377037 1599.378733 40.032364 21.268377 -0.315113 -1.586261 -1.629630
298.377037 1599.378733 40.032364 21.268377 -0.315113 -1.586261 -1.629630
398.377037 1599.378733 40.032364 21.268377 -0.315113 -1.586261 -1.629630
498.377037 1599.378733 40.032364 21.268377 -0.315113 -1.586261 -1.629630
598.377037 1599.378733 40.032364 21.268377 -0.315113 -1.586261 -1.629630
698.377037 1599.378733 40.032364 21.268377 -0.315113 -1.586261 -1.629630
798.377037 1599.378733 40.032364 21.268377 -0.315113 -1.586261 -1.629630
898.377037 1599.378733 40.032364 21.268377 -0.315113 -1.586261 -1.629630
998.377037 1599.378733 40.032364 21.268377 -0.315113 -1.586261 -1.629630
1098.377037 1599.378733 40.032364 21.268377 -0.315113 -1.586261 -1.629630
1198.377037 1599.378733 40.032364 21.268377 -0.315113 -1.586261 -1.629630
1298.377037 1599.378733 40.032364 21.268377 -0.315113 -1.586261 -1.629630
1398.377037 1599.378733 40.032364 21.268377 -0.315113 -1.586261 -1.629630
1498.377037 1599.378733 40.032364 21.268377 -0.315113 -1.586261 -1.629630
1598.377037 1599.378733 40.032364 21.268377 -0.315113 -1.586261 -1.629630
1698.377037 1599.378733 40.032364 21.268377 -0.315113 -1.586261 -1.629630
1798.377037 1599.378733 40.032364 21.268377 -0.315113 -1.586261 -1.629630
1898.377037 1599.378733 40.032364 21.268377 -0.315113 -1.586261 -1.629630
98.382127 1699.408713 40.061523 19.222562 -0.273795 5.502432 10.974819
198.382127 1699.408713 40.061523 19.222562 -0.273795 5.502432 10.974819
298.382127 1699.408713 40.061523 19.222562 -0.273795 5.502432 10.974819
398.382127 1699.408713 40.061523 19.222562 -0.273795 5.502432 10.974819
498.382127 1699.408713 40.061523 19.222562 -0.273795 5.502432 10.974819
598.382127 1699.408713 40.061523 19.222562 -0.273795 5.502432 10.974819
698.382127 1699.408713 40.061523 19.222562 -0.273795 5.502432 10.974819
798.382127 1699.408713 40.061523 19.222562 -0.273795 5.502432 10.974819
898.382127 1699.408713 40.061523 19.222562 -0.273795 5.502432 10.974819
998.382127 1699.408713 40.061523 19.222562 -0.273795 5.502432 10.974819
1098.382127 1699.408713 40.061523 19.222562 -0.273795 5.502432 10.974819
1198.382127 1699.408713 40.061523 19.222562 -0.273795 5.502432 10.974819
1298.382127 1699.408713 40.061523 19.222562 -0.273795 5.502432 10.974819
1398.382127 1699.408713 40.061523 19.222562 -0.273795 5.502432 10.974819
1498.382127 1699.408713 40.061523 19.222562 -0.273795 5.502432 10.974819
1598.382127 1699.408713 40.061523 19.222562 -0.273795 5.502432 10.974819
1698.382127 1699.408713 40.061523 19.222562 -0.273795 5.502432 10.974819
1798.382127 1699.408713 40.061523 19.222562 -0.273795 5.502432 10.974819
1898.382127 1699.408713 40.061523 19.222562 -0.273795 5.502432 10.974819
98.382200 1799.371969 40.016182 17.389408 -0.245773 4.692662 10.924344
198.382200 1799.371969 40.016182 17.389408 -0.245773 4.692662 10.924344
298.382200 1799.371969 40.016182 17.389408 -0.245773 4.692662 10.924344
398.382200 1799.371969 40.016182 17.389408 -0.245773 4.692662 10.924344
498.382200 1799.371969 40.016182 17.389408 -0.245773 4.692662 10.924344
598.382200 1799.371969 40.016182 17.389408 -0.245773 4.692662 10.924344
698.382200 1799.371969 40.016182 17.389408 -0.245773 4.692662 10.924344
798.382200 1799.371969 40.016182 17.389408 -0.245773 4.692662 10.924344
898.382200 1799.371969 40.016182 17.389408 -0.245773 4.692662 10.924344
998.382200 1799.371969 40.016182 17.389408 -0.245773 4.692662 10.924344
1098.382200 1799.371969 40.016182 17.389408 -0.245773 4.692662 10.924344
1198.382200 1799.371969 40.016182 17.389408 -0.245773 4.692662 10.924344
1298.382200 1799.371969 40.016182 17.389408 -0.245773 4.692662 10.924344
1398.382200 1799.371969 40.016182 17.389408 -0.245773 4.692662 10.924344
1498.382200 1799.371969 40.016182 17.389408 -0.245773 4.692662 10.924344
1598.382200 1799.371969 40.016182 17.389408 -0.245773 4.692662 10.924344
1698.382200 1799.371969 40.016182 17.389408 -0.245773 4.692662 10.924344
1798.382200 1799.371969 40.016182 17.389408 -0.245773 4.692662 10.924344
1898.382200 1799.371969 40.016182 17.389408 -0.245773 4.692662 10.924344
98.707133 299.675962 39.837004 19.108150 0.264550 5.392355 9.499580
198.707133 299.675962 39.837004 19.108150 0.264550 5.392355 9.499580
298.707133 299.675962 39.837004 19.108150 0.264550 5.392355 9.499580
398.707133 299.675962 39.837004 19.108150 0.264550 5.392355 9.499580
498.707133 299.675962 39.837004 19.108150 0.264550 5.392355 9.499580
598.707133 299.675962 39.837004 19.108150 0.264550 5.392355 9.499580
698.707133 299.675962 39.837004 19.108150 0.264550 5.392355 9.499580
798.707133 299.675962 39.837004 19.108150 0.264550 5.392355 9.499580
898.707133 299.675962 39.837004 19.108150 0.264550 5.392355 9.499580
998.707133 299.675962 39.837004 19.108150 0.264550 5.392355 9.499580
1098.707133 299.675962 39.837004 19.108150 0.264550 5.392355 9.499580
1198.707133 299.675962 39.837004 19.108150 0.264550 5.392355 9.499580
1298.707133 299.675962 39.837004 19.108150 0.264550 5.392355 9.499580
1398.707133 299.675962 39.837004 19.108150 0.264550 5.392355 9.499580
1498.707133 299.675962 39.837004 19.108150 0.264550 5.392355 9.499580
1598.707133 299.675962 39.837004 19.108150 0.264550 5.392355 9.499580
1698.707133 299.675962 39.837004 19.108150 0.264550 5.392355 9.499580
1798.707133 299.675962 39.837004 19.108150 0.264550 5.392355 9.499580
1898.707133 299.675962 39.837004 19.108150 0.264550 5.392355 9.499580
75.412554 298.174067 19.433561 19.433561 0.000000 3.751751 4.691942
175.412554 298.174067 19.433561 19.433561 0.000000 3.751751 4.691942
275.412554 298.174067 19.433561 19.433561 0.000000 3.751751 4.691942
375.412554 298.174067 19.433561 19.433561 0.000000 3.751751 4.691942
475.412554 298.174067 19.433561 19.433561 0.000000 3.751751 4.691942
575.412554 298.174067 19.433561 19.433561 0.000000 3.751751 4.691942
675.412554 298.174067 19.433561 19.433561 0.000000 3.751751 4.691942
775.412554 298.174067 19.433561 19.433561 0.000000 3.751751 4.691942
875.412554 298.174067 19.433561 19.433561 0.000000 3.751751 4.691942
975.412554 298.174067 19.433561 19.433561 0.000000 3.751751 4.691942
1075.412554 298.174067 19.433561 19.433561 0.000000 3.751751 4.691942
1175.412554 298.174067 19.433561 19.433561 0.000000 3.751751 4.691942
1275.412554 298.174067 19.433561 19.433561 0.000000 3.751751 4.691942
1375.412554 298.174067 19.433561 19.433561 0.000000 3.751751 4.691942
1475.412554 298.174067 19.433561 19.433561 0.000000 3.751751 4.691942
1575.412554 298.174067 19.433561 19.433561 0.000000 3.751751 4.691942
1675.412554 298.174067 19.433561 19.433561 0.000000 3.751751 4.691942
1775.412554 298.174067 19.433561 19.433561 0.000000 3.751751 4.691942
1875.412554 298.174067 19.433561 19.433561 0.000000 3.751751 4.691942
98.370362 499.371744 40.085652 23.876150 0.368135 4.656221 10.868461
198.370362 499.371744 40.085652 23.876150 0.368135 4.656221 10.868461
298.370362 499.371744 40.085652 23.876150 0.368135 4.656221 10.868461
398.370362 499.371744 40.085652 23.876150 0.368135 4.656221 10.868461
498.370362 499.371744 40.085652 23.876150 0.368135 4.656221 10.868461
598.370362 499.371744 40.085652 23.876150 0.368135 4.656221 10.868461
698.370362 499.371744 40.085652 23.876150 0.368135 4.656221 10.868461
798.370362 499.371744 40.085652 23.876150 0.368135 4.656221 10.868461
898.370362 499.371744 40.085652 23.876150 0.368135 4.656221 10.868461
998.370362 499.371744 40.085652 23.876150 0.368135 4.656221 10.868461
1098.370362 499.371744 40.085652 23.876150 0.368135 4.656221 10.868461
1198.370362 499.371744 40.085652 23.876150 0.368135 4.656221 10.868461
1298.370362 499.371744 40.085652 23.876150 0.368135 4.656221 10.868461
1398.370362 499.371744 40.085652 23.876150 0.368135 4.656221 10.868461
1498.370362 499.371744 40.085652 23.876150 0.368135 4.656221 10.868461
1598.370362 499.371744 40.085652 23.876150 0.368135 4.656221 10.868461
1698.370362 499.371744 40.085652 23.876150 0.368135 4.656221 10.868461
1798.370362 499.371744 40.085652 23.876150 0.368135 4.656221 10.868461
1898.370362 499.371744 40.085652 23.876150 0.368135 4.656221 10.868461
98.402568 1499.397306 40.044210 23.847619 -0.369455 5.316450 10.312772
198.402568 1499.397306 40.044210 23.847619 -0.369455 5.316450 10.312772
298.402568 1499.397306 40.044210 23.847619 -0.369455 5.316450 10.312772
398.402568 1499.397306 40.044210 23.847619 -0.369455 5.316450 10.312772
498.402568 1499.397306 40.044210 23.847619 -0.369455 5.316450 10.312772
598.402568 1499.397306 40.044210 23.847619 -0.369455 5.316450 10.312772
698.402568 1499.397306 40.044210 23.847619 -0.369455 5.316450 10.312772
798.402568 1499.397306 40.044210 23.847619 -0.369455 5.316450 10.312772
898.402568 1499.397306 40.044210 23.847619 -0.369455 5.316450 10.312772
998.402568 1499.397306 40.044210 23.847619 -0.369455 5.316450 10.312772
1098.402568 1499.397306 40.044210 23.847619 -0.369455 5.316450 10.312772
1198.402568 1499.397306 40.044210 23.847619 -0.369455 5.316450 10.312772
1298.402568 1499.397306 40.044210 23.847619 -0.369455 5.316450 10.312772
1398.402568 1499.397306 40.044210 23.847619 -0.369455 5.316450 10.312772
1498.402568 1499.397306 40.044210 23.847619 -0.369455 5.316450 10.312772
1598.402568 1499.397306 40.044210 23.847619 -0.369455 5.316450 10.312772
1698.402568 1499.397306 40.044210 23.847619 -0.369455 5.316450 10.312772
1798.402568 1499.397306 40.044210 23.847619 -0.369455 5.316450 10.312772
1898.402568 1499.397306 40.044210 23.847619 -0.369455 5.316450 10.312772
98.362975 699.412362 40.020385 29.773576 0.583501 0.267463 5.882208
198.362975 699.412362 40.020385 29.773576 0.583501 0.267463 5.882208
298.362975 699.412362 40.020385 29.773576 0.583501 0.267463 5.882208
398.362975 699.412362 40.020385 29.773576 0.583501 0.267463 5.882208
498.362975 699.412362 40.020385 29.773576 0.583501 0.267463 5.882208
598.362975 699.412362 40.020385 29.773576 0.583501 0.267463 5.882208
698.362975 699.412362 40.020385 29.773576 0.583501 0.267463 5.882208
798.362975 699.412362 40.020385 29.773576 0.583501 0.267463 5.882208
898.362975 699.412362 40.020385 29.773576 0.583501 0.267463 5.882208
998.362975 699.412362 40.020385 29.773576 0.583501 0.267463 5.882208
1098.362975 699.412362 40.020385 29.773576 0.583501 0.267463 5.882208
1198.362975 699.412362 40.020385 29.773576 0.583501 0.267463 5.882208
1298.362975 699.412362 40.020385 29.773576 0.583501 0.267463 5.882208
1398.362975 699.412362 40.020385 29.773576 0.583501 0.267463 5.882208
1498.362975 699.412362 40.020385 29.773576 0.583501 0.267463 5.882208
1598.362975 699.412362 40.020385 29.773576 0.583501 0.267463 5.882208
1698.362975 699.412362 40.020385 29.773576 0.583501 0.267463 5.882208
1798.362975 699.412362 40.020385 29.773576 0.583501 0.267463 5.882208
1898.362975 699.412362 40.020385 29.773576 0.583501 0.267463 5.882208
98.327355 1299.369033 39.971893 29.754964 -0.585098 0.397888 5.997259
198.327355 1299.369033 39.971893 29.754964 -0.585098 0.397888 5.997259
298.327355 1299.369033 39.971893 29.754964 -0.585098 0.397888 5.997259
398.327355 1299.369033 39.971893 29.754964 -0.585098 0.397888 5.997259
498.327355 1299.369033 39.971893 29.754964 -0.585098 0.397888 5.997259
598.327355 1299.369033 39.971893 29.754964 -0.585098 0.397888 5.997259
698.327355 1299.369033 39.971893 29.754964 -0.585098 0.397888 5.997259
798.327355 1299.369033 39.971893 29.754964 -0.585098 0.397888 5.997259
898.327355 1299.369033 39.971893 29.754964 -0.585098 0.397888 5.997259
998.327355 1299.369033 39.971893 29.754964 -0.585098 0.397888 5.997259
1098.327355 1299.369033 39.971893 29.754964 -0.585098 0.397888 5.997259
1198.327355 1299.369033 39.971893 29.754964 -0.585098 0.397888 5.997259
1298.327355 1299.369033 39.971893 29.754964 -0.585098 0.397888 5.997259
1398.327355 1299.369033 39.971893 29.754964 -0.585098 0.397888 5.997259
1498.327355 1299.369033 39.971893 29.754964 -0.585098 0.397888 5.997259
1598.327355 1299.369033 39.971893 29.754964 -0.585098 0.397888 5.997259
1698.327355 1299.369033 39.971893 29.754964 -0.585098 0.397888 5.997259
1798.327355 1299.369033 39.971893 29.754964 -0.585098 0.397888 5.997259
1898.327355 1299.369033 39.971893 29.754964 -0.585098 0.397888 5.997259
98.373528 99.369661 40.190877 15.803926 0.217159 4.805755 10.969586
198.373528 99.369661 40.190877 15.803926 0.217159 4.805755 10.969586
298.373528 99.369661 40.190877 15.803926 0.217159 4.805755 10.969586
398.373528 99.369661 40.190877 15.803926 0.217159 4.805755 10.969586
498.373528 99.369661 40.190877 15.803926 0.217159 4.805755 10.969586
598.373528 99.369661 40.190877 15.803926 0.217159 4.805755 10.969586
698.373528 99.369661 40.190877 15.803926 0.217159 4.805755 10.969586
798.373528 99.369661 40.190877 15.803926 0.217159 4.805755 10.969586
898.373528 99.369661 40.190877 15.803926 0.217159 4.805755 10.969586
998.373528 99.369661 40.190877 15.803926 0.217159 4.805755 10.969586
1098.373528 99.369661 40.190877 15.803926 0.217159 4.805755 10.969586
1198.373528 99.369661 40.190877 15.803926 0.217159 4.805755 10.969586
1298.373528 99.369661 40.190877 15.803926 0.217159 4.805755 10.969586
1398.373528 99.369661 40.190877 15.803926 0.217159 4.805755 10.969586
1498.373528 99.369661 40.190877 15.803926 0.217159 4.805755 10.969586
1598.373528 99.369661 40.190877 15.803926 0.217159 4.805755 10.969586
1698.373528 99.369661 40.190877 15.803926 0.217159 4.805755 10.969586
1798.373528 99.369661 40.190877 15.803926 0.217159 4.805755 10.969586
1898.373528 99.369661 40.190877 15.803926 0.217159 4.805755 10.969586
98.386827 1899.382175 40.174470 15.793583 -0.216120 1.599195 7.757210
198.386827 1899.382175 40.174470 15.793583 -0.216120 1.599195 7.757210
298.386827 1899.382175 40.174470 15.793583 -0.216120 1.599195 7.757210
398.386827 1899.382175 40.174470 15.793583 -0.216120 1.599195 7.757210
498.386827 1899.382175 40.174470 15.793583 -0.216120 1.599195 7.757210
598.386827 1899.382175 40.174470 15.793583 -0.216120 1.599195 7.757210
698.386827 1899.382175 40.174470 15.793583 -0.216120 1.599195 7.757210
798.386827 1899.382175 40.174470 15.793583 -0.216120 1.599195 7.757210
898.386827 1899.382175 40.174470 15.793583 -0.216120 1.599195 7.757210
998.386827 1899.382175 40.174470 15.793583 -0.216120 1.599195 7.757210
1098.386827 1899.382175 40.174470 15.793583 -0.216120 1.599195 7.757210
1198.386827 1899.382175 40.174470 15.793583 -0.216120 1.599195 7.757210
1298.386827 1899.382175 40.174470 15.793583 -0.216120 1.599195 7.757210
1398.386827 1899.382175 40.174470 15.793583 -0.216120 1.599195 7.757210
1498.386827 1899.382175 40.174470 15.793583 -0.216120 1.599195 7.757210
1598.386827 1899.382175 40.174470 15.793583 -0.216120 1.599195 7.757210
1698.386827 1899.382175 40.174470 15.793583 -0.216120 1.599195 7.757210
1798.386827 1899.382175 40.174470 15.793583 -0.216120 1.599195 7.757210
1898.386827 1899.382175 40.174470 15.793583 -0.216120 1.599195 7.757210
